Date,Return
20130102,0.0
20130103,-2.1786183103722263
20130104,-2.4137803529712727
20130107,-4.001043111341555
20130108,-0.8869856714483099
20130109,1.4048718615926818
20130110,2.0881939180132374
20130111,2.404712571285536
20130114,-0.4471001456033445
20130115,-0.03101138
20130116,1.4192648630939382
20130117,-0.24094630437982578
20130118,-0.7300157493006992
20130121,-0.03071505
20130122,0.6637293944444445
20130123,-0.1705751898601319
20130124,1.2961005924580848
20130125,0.25237058340410873
20130128,0.5370635163591281
20130129,-0.31622539975018255
20130130,0.18280808167260595
20130131,0.18341322853065833
20130201,0.5412702264474706
20130204,0.32888683048166784
20130205,0.7630839936507896
20130206,-1.1942031636363595
20130207,1.4070994719266714
20130208,0.8445584729759218
20130211,-3.7834744318984503
20130212,-5.066176042907798
20130213,-1.4486758872721097
20130214,0.10244074227695649
20130215,2.7692849499999923
20130218,0.03787205562415825
20130219,-0.5111543087508696
20130220,0.44742702650274385
20130221,-1.6094493858956838
20130222,-0.16599838513512746
20130225,3.2754795300269754
20130226,-0.5193489443475147
20130227,1.6358034166666706
20130228,-1.7260747242372922
20130301,1.2882849744444484
20130304,1.3763000655383535
20130305,-0.8876905192505475
20130306,-2.012758903828721
20130307,-0.03115947
20130308,-1.6272732798542757
20130311,-1.6705037322950858
20130312,-0.29997667430106
20130313,-0.9024731429222597
20130314,-0.2969402008970138
20130315,0.6315310535255135
20130318,-0.09787061076050321
20130319,0.36884052999999617
20130320,0.7051189771218168
20130321,1.5200470669251593
20130322,-1.5377125650684853
20130325,-0.03086325
20130326,-0.16581601653172542
20130328,0.1032784294878821
20130401,-5.497079504534429
20130402,-3.1025097344721577
20130403,1.0237527293233946
20130404,4.800381765520713
20130405,0.5630431630322856
20130408,0.9644619202122015
20130409,1.3093516887340924
20130410,1.734872187427035
20130411,-1.550620047601947
20130412,0.5825770546085811
20130415,0.9973126402739725
20130416,-1.0681469037370241
20130417,0.10690168136985523
20130418,1.136193195610437
20130422,-0.16858010520473077
20130423,0.03951246930008506
20130425,-0.09880131760057057
20130426,0.3863472258004315
20130429,1.0143881461169104
20130430,-1.2952759748101346
20130502,0.6652887344444445
20130503,-0.7284564093006993
20130506,0.9430665122222261
20130507,-0.7304179820897616
20130508,-0.5166208910585077
20130509,-0.09815806930006535
20130510,-0.3751183878116343
20130511,1.0753517998619697
20130513,-0.5173436943475147
20130514,0.24891977777778174
20130515,-0.5163231810585077
20130516,0.24897563720028112
20130517,0.04126806326615311
20130520,0.041316389207248075
20130521,0.5284907392623402
20130522,-1.637741784856531
20130523,1.4182055217355334
20130524,-3.8016603756603815
20130527,0.10660466468012704
20130528,-2.4555872704045814
20130529,0.5644195925411492
20130530,1.3625038368211884
20130531,1.3149587045265279
20130603,1.2651722286181115
20130604,0.24763742896552118
20130605,-0.30484981289073704
20130606,1.2130055503448354
20130607,0.6699502623463688
20130610,-1.3645200328551377
20130611,-0.6529400334212393
20130612,2.247488308965525
20130613,1.1002880832745197
20130614,-0.028857999999999998
20130617,-0.3143683497501825
20130618,0.6117113950177976
20130619,0.40094142693409335
20130620,1.4101398508633096
20130621,-0.32067987291971217
20130624,1.645235617045132
20130625,-0.6948822750333129
20130626,-0.10223848176470171
20130627,0.044617385745770996
20130628,-0.7641521176470588
20130701,-0.4668142043795579
20130702,0.8432350232558057
20130703,0.8509073958944405
20130704,0.4147801022485165
20130705,1.3082888109360944
20130708,-1.1585249522891565
20130709,0.7900549219359811
20130710,1.2472693962762678
20130711,-3.2988199771863207
20130712,1.0020698350515505
20130715,-1.2193341904761863
20130716,4.677024352941181
20130717,3.05756175308642
20130718,-2.9747178726114787
20130719,0.8992162459396883
20130722,0.7517821249024199
20130723,0.44321123682139607
20130724,-1.4517829011857797
20130725,1.6729783789867627
20130726,-0.6761698492624991
20130729,0.5886649316942564
20130730,3.4475414909436886
20130731,-0.9456146756285901
20130801,2.6446074569381084
20130802,-0.12637096836819608
20130805,2.1312240834782563
20130806,6.453037535726491
20130807,-0.4083196729798825
20130808,-1.6808084722950793
20130812,-2.6400305182437327
20130813,-0.47814543270742355
20130814,0.9150575291304299
20130816,-0.04329993
20130819,-0.04329993
20130820,-0.13109624255486768
20130821,0.7461737542105313
20130822,-0.3071849293899305
20130823,0.3989841675837742
20130826,-3.4077433917271893
20130827,-0.6417615603941755
20130828,2.9393277073594546
20130829,-0.39659845021948326
20130830,2.5792587160104987
20130902,-10.018459022102434
20130903,-0.9441060104575116
20130904,2.950538217004051
20130905,1.1259253972620964
20130906,1.0552840129729826
20130910,-1.067454117984631
20130911,0.8871504313778482
20130912,-0.04052511
20130913,-0.04052511
20130916,-0.21117357416382496
20130917,-1.1478504933049378
20130918,3.0765768276579637
20130919,0.13414804347826334
20130920,-3.8725176132404235
20130923,2.393120906040273
20130924,0.6481111822871859
20130925,-2.1176870779220827
20130926,-1.9029901755301004
20130927,-1.2026973039550422
20130930,-0.860047317489712
20131001,0.20789590918367115
20131003,2.6639269483633363
20131004,0.04754023931876242
20131007,0.21596120252525008
20131008,0.9760941778481038
20131009,-0.6333244933077602
20131010,-2.2373525805084697
20131011,1.624412042703151
20131014,1.3994267946880175
20131015,0.30821004726262247
20131017,-0.2057835697424917
20131018,-2.7761834432305075
20131021,2.0509611424103418
20131022,-0.374825252555359
20131023,-0.11899939346350469
20131024,-0.288084726208649
20131025,1.4046084707275828
20131028,0.481389659227463
20131029,0.22521203088870695
20131030,0.2258837709342536
20131031,-3.3287561468256697
20131101,0.9745507450629628
20131103,-1.1356352769041538
20131105,-0.6202542521476533
20131106,-1.450854136839023
20131107,-0.5262795826315859
20131108,0.94913819667758
20131111,-0.6113709266942171
20131112,1.1175112317091256
20131113,2.0452794583624274
20131114,-1.1379689550254644
20131118,0.3854116912762385
20131119,-0.20303765408094676
20131120,0.5548219992255916
20131121,-0.11893070508044754
20131122,0.13494803773265893
20131125,0.05048906271185959
20131126,-1.9002448255301005
20131127,0.04900724671106938
20131128,0.8824099666666619
20131129,-0.11836098931875047
20131202,-9.782155859663861
20131203,-3.1736135147013735
20131204,4.494325334149959
20131205,1.7553013363452545
20131206,-0.5874260561599389
20131209,0.3605106774015748
20131210,7.00238301252965
20131211,0.3919799580272109
20131212,-0.9729998614859169
20131213,1.4046084707275828
20131216,1.597269487553653
20131217,-0.5571920094240912
20131218,-0.4676595777777778
20131219,0.48539243105445856
20131220,-0.2069520561337992
20131223,-6.884881350242849
20131224,1.346680019870132
20131226,0.2958807069958894
20131227,0.7924264315441784
20131230,-0.4496571335553705
20131231,-2.8525745475953617
20140102,2.0169885561198697
20140103,0.28857656162641354
20140106,0.28961714705976693
20140107,0.6958508643273951
20140108,-0.27838258918367115
20140109,1.1065805165797975
20140110,1.7787064737891292
20140113,-0.11737724744965966
20140114,1.140027524233019
20140115,0.47542122241731
20140116,0.22226984570332237
20140117,0.7357461392307741
20140120,1.430770322627036
20140121,-0.29572239223775976
20140122,-0.20785254630340266
20140123,-0.9036594191470844
20140124,1.1746004774805916
20140127,1.975396224454146
20140128,0.6796750777183576
20140129,-0.3026372204667838
20140130,0.5030433386302672
20140131,0.955989259900985
20140203,-0.03410975
20140204,-1.306837022727278
20140205,-0.6624759977558247
20140206,0.6792449380999083
20140207,-1.4719597445372943
20140210,0.23131828776794627
20140211,0.32083619685612036
20140212,1.2133682460071353
20140213,0.6871410306498169
20140214,-0.12578972090908574
20140217,-0.8523193220980978
20140218,0.41556982045045043
20140219,-0.6683647928959302
20140220,0.41475965776978413
20140221,0.2361220800270977
20140224,-0.3971994705797024
20140225,0.32613020032490203
20140226,-1.9370545430434731
20140228,-0.8350272900000051
20140303,1.905007983368609
20140304,-3.452293477050357
20140305,1.0954074926086934
20140306,-2.761647075021983
20140307,-0.5488725301369937
20140310,-0.8017837807495668
20140311,0.47201122256973327
20140312,0.8144437720475787
20140313,1.7640188911825265
20140314,0.22631313471203945
20140318,0.31448928546805904
20140319,-0.4744485327743635
20140320,-3.7065025713286617
20140321,-6.949170527318721
20140322,0.3591478665615142
20140324,-1.4603520472684064
20140325,-2.3770942747072605
20140326,2.100600318154068
20140327,0.19986421804365656
20140328,-2.8464627499999957
20140331,0.19400077583585335
20140401,0.1183601746001653
20140402,-0.7967392564836004
20140403,3.675054427933378
20140404,-4.043690662264158
20140407,-1.2436293379440622
20140409,-0.10893929895443935
20140410,-3.317691839552243
20140411,-0.6843987673410447
20140415,2.5502405730438067
20140416,1.4397296015106855
20140417,-3.2501183221765233
20140421,-4.236861300724645
20140422,1.7045629801808067
20140423,-2.015562183828721
20140425,2.047924828070784
20140428,0.32039586091424527
20140429,-0.31845777133713066
20140430,2.4483067535460994
20140502,1.3478554318181861
20140505,0.18727618805308477
20140506,-2.990355950295639
20140507,0.9710623756281446
20140508,1.126482128738212
20140509,-3.922260221269246
20140512,-3.7767167831073523
20140513,-0.3741465270047651
20140514,-1.119260612496604
20140515,0.7042922835570431
20140516,-0.37202901098715346
20140519,-10.074394016846364
20140520,2.7829386584507176
20140521,-4.255764892407068
20140522,-2.6329482720314283
20140523,-8.224115272050682
20140526,5.7946966002396465
20140527,4.188903585777913
20140528,-0.7578277911594307
20140529,-1.8917032994484377
20140530,1.261689230788709
20140602,-9.514406567960647
20140603,-0.9591160359259353
20140604,-0.3569893544684265
20140605,-6.380209725190953
20140606,1.889393128280214
20140609,-3.023943664120672
20140610,0.16758938067600263
20140611,3.529757570240854
20140612,0.7996076510613914
20140613,4.951401700849948
20140616,1.5684667046769771
20140617,-5.756764253905734
20140618,-0.5636440926326964
20140619,2.8710485449736005
20140620,-2.153576311402939
20140623,-0.8848287110436603
20140624,0.1255364013622024
20140625,-0.29726889488630354
20140626,1.1802216387763624
20140627,0.6078248656220058
20140630,-2.8270551984578276
20140701,-4.476141331881861
20140702,-1.5844100815515487
20140703,3.762261823050772
20140704,0.5308135201639317
20140707,-0.1357507402730639
20140708,3.5699652038033967
20140709,2.957144776235997
20140710,-1.0785382217996728
20140711,3.2895815571459663
20140714,1.1502400615492925
20140715,-1.7432348127822122
20140716,-2.3871186196860923
20140717,-0.580651055958379
20140718,1.0563186887363833
20140721,-3.3920367670044023
20140722,1.5120127167767594
20140723,-1.7104951074891745
20140724,1.3507088118839778
20140725,2.3415218627684866
20140728,0.9620189456218968
20140730,1.9212095920547179
20140731,1.4474477032118418
20140801,0.8338619131213871
20140804,-2.7154058534402297
20140805,1.2728859831288943
20140806,-0.2633397072381917
20140807,-2.5590224865786486
20140808,4.894021536136609
20140811,1.0857733764546558
20140812,0.08592841293032583
20140813,4.856493849451395
20140814,-0.9109330567084675
20140818,-2.6435070770602787
20140819,-1.7897013153301067
20140820,0.2049051280952415
20140821,0.3248051167303069
20140822,0.5057320456886261
20140825,2.374997728651415
20140826,3.9766803403392967
20140827,-0.03319011
20140828,-0.41861004311053623
20140901,-3.1700097712291972
20140902,-0.3433721621539417
20140903,0.5858059511881188
20140904,0.7764585780946345
20140905,-3.6739349946578668
20140908,-4.8179847307268355
20140909,-1.9405203808670588
20140910,1.6119174959784488
20140911,-4.18525506494809
20140912,1.1851557532779562
20140915,-0.5935440465919282
20140916,5.262423278472687
20140917,1.379589714496766
20140918,-3.0777820494029817
20140919,-0.14888078515644093
20140922,-0.49596889296295305
20140923,1.349482549262676
20140924,1.4856856587850433
20140925,3.1701359050889715
20140926,-1.5032993052941213
20140929,0.20883482371981021
20140930,1.2990080583292911
20141001,1.3169821815337355
20141007,-3.453109079950248
20141008,-0.573901689362584
20141009,-0.690458296842119
20141010,0.6804489177183701
20141013,0.3863472718372164
20141014,-0.9941020215384582
20141016,0.8602935828571427
20141017,-0.8133443407807877
20141020,0.5633839966150178
20141021,0.2671966318465228
20141022,-1.0548125076849
20141023,-2.2349445123809453
20141027,-0.14889822645894996
20141028,0.782011002437467
20141029,-1.3227385706451547
20141030,-1.2483974607585542
20141031,-1.9774960815331677
20141103,0.8093348517508417
20141105,-1.3906502854159626
20141107,-1.4836389792406446
20141110,2.0594233635993304
20141111,0.8112343004047218
20141112,0.9884721432653124
20141113,1.514455732577313
20141114,0.4916241894240871
20141117,-4.476380464444441
20141118,-1.487703097267634
20141119,3.113759344238405
20141120,-1.000449188660962
20141121,0.1939454143114996
20141124,-0.03178822
20141125,1.7781665311312314
20141126,-2.163124625529964
20141127,1.4910544195939184
20141128,0.02548554861397155
20141201,0.9424238143839475
20141202,-1.3049363681481414
20141203,-4.546073934285717
20141204,-0.35968848372334294
20141205,2.584163444713903
20141208,-0.36739862405709167
20141209,-1.4817240286726125
20141210,2.2773205975646054
20141211,1.3752251336578503
20141212,1.0528345158447359
20141215,-1.4165220780207601
20141216,5.6598792657427435
20141217,-0.3333905208750755
20141218,-2.1981487419494723
20141219,-4.743508966124852
20141222,0.6990748451743596
20141223,0.47783125416430916
20141224,-0.43071701740319884
20141226,1.2157891838457273
20141229,1.3464343330499746
20141230,-0.3232893511473501
20141231,-0.787019880789786
20150102,0.37292227959515156
20150105,-0.786872140789786
20150106,2.2735394843227668
20150107,-0.7988976719174108
20150108,-0.3249714968384075
20150109,1.0769337572387656
20150112,-0.1502952044273841
20150113,1.088051568867928
20150114,0.5640714718843172
20150115,-1.1120154931913686
20150116,0.9173234461424299
20150119,-1.050805446405026
20150120,-2.6419586148873107
20150121,0.777017104913298
20150122,-1.1969936255011655
20150123,-0.03149246
20150127,0.8325628395391707
20150128,-0.20580971740849005
20150129,2.5785684467053365
20150130,-0.4485552002560981
20150202,-0.9213200853024912
20150203,0.8501938451675485
20150204,0.38354349714115576
20150205,0.2660080873257892
20150206,0.8045319711589043
20150209,1.1127900932530155
20150210,-2.4083878543692907
20150211,-0.4484548866666599
20150212,-0.7431100931476095
20150213,1.7339563356209535
20150216,1.286366363582994
20150218,-0.8818185782270832
20150219,0.08862117193256391
20150220,-0.273192861868599
20150223,-1.0543327076848998
20150224,3.0631543352380883
20150225,-0.03208376
20150226,2.363345945577399
20150227,-2.48660527001259
20150228,0.5820191642506142
20150302,0.029573247156997974
20150303,-0.5269748018862161
20150304,-1.3860776038461469
20150305,-0.8816707282270831
20150309,0.32958780579770874
20150310,-1.6026373488519605
20150311,-0.15061716952410295
20150312,0.14631709942959675
20150313,-0.15098363904761228
20150316,-0.3292011805231867
20150317,0.32372491657379626
20150318,-2.173518411433667
20150319,-1.4297228575072836
20150320,1.748649850189543
20150323,2.248765734385968
20150324,-0.21146923364453107
20150325,0.20701260604540359
20150326,-0.15154869904190935
20150327,3.556728526411483
20150330,-7.972234870124076
20150331,1.2325795960919474
20150401,1.3069777869848727
20150406,-1.2117292229498524
20150407,0.669475414810489
20150408,-0.4412723823370455
20150409,-0.9659055546198798
20150410,1.7658272149246783
20150413,-3.8650412995870207
20150415,-1.1665966763636364
20150416,0.6439242633707801
20150417,1.5534773672398252
20150420,-2.0991985572413765
20150421,1.9967939870270242
20150422,-1.1796583273563217
20150423,-0.08719960181817858
20150424,1.1621228389437785
20150427,4.394905936321832
20150428,-1.4134241139266284
20150429,-0.6828132112218235
20150430,1.9140413319976333
20150504,-1.532970646153846
20150505,-0.5042198491414938
20150506,-0.7966245489687751
20150507,0.963436996783619
20150508,0.08741844084466452
20150511,-0.5629445000295716
20150512,0.02810847941176136
20150513,-0.2072895055620853
20150514,0.08679376316098039
20150515,1.0869320088235328
20150518,1.099564545478885
20150519,0.45063272376653607
20150520,-0.09117454214026258
20150521,-2.386876888277949
20150522,-0.8568277009917389
20150525,3.3068551139578557
20150526,-0.8177829948031565
20150527,0.8710608876923076
20150528,0.4549094706124993
20150529,-0.21304839648995208
20150601,-1.5509143052068124
20150602,1.9469988353744825
20150603,1.6812584025427768
20150604,-1.2112310498009806
20150605,-1.5662093849231715
20150608,1.9679396824939368
20150609,-1.2032029383508374
20150610,0.8250618447008581
20150611,-0.8917079755172449
20150612,0.5808616005006105
20150615,0.6460366656756896
20150616,-0.02963901
20150617,-0.15332484797156282
20150618,0.03212751254477722
20150619,-0.4622718900988805
20150622,-1.5681005484615385
20150623,-0.9993359796969662
20150624,2.131225335738292
20150625,-0.02963901
20150626,-1.0112341020245363
20150629,2.46124798878493
20150630,-1.8364925925545204
20150701,-0.27443705161567056
20150702,-0.2738392542002303
20150703,-0.21185972948843568
20150706,-0.4546876248936101
20150707,-0.27128646060533035
20150708,1.4201196523188442
20150709,0.33864017882352593
20150710,0.03249373500614657
20150713,-0.5828530338461573
20150714,0.032192630403913285
20150715,-1.743642519926505
20150716,-0.149416271932581
20150717,0.1513899931208727
20150720,0.3324389031325267
20150721,0.7569665178234652
20150722,0.3975622851431984
20150723,-0.2736560416156706
20150724,-0.21200818315017272
20150727,1.007095686776349
20150728,-0.3983161280788142
20150729,-0.5810052392638072
20150730,-0.5169605015253099
20150731,0.09257490831814734
20150803,-0.940712103343465
20150804,-0.6915086024096352
20150805,-3.559677868342314
20150806,1.763198444450864
20150807,-4.031063396074151
20150810,-1.1039778872043042
20150811,2.6028698773684145
20150812,0.1438038684703918
20150813,0.7783761429032291
20150814,2.5270929388269323
20150817,-2.1138919181525626
20150818,1.1394668534092234
20150819,-0.20527570626697159
20150820,2.97836640169811
20150821,0.8223547597872375
20150824,6.286435013384416
20150825,5.076002971884824
20150826,0.17818748172414578
20150827,0.5932674331098668
20150828,-0.9327424496940075
20150831,0.04020891759475831
20150901,4.178187481724135
20150902,0.11527941092153854
20150903,-2.552140937339582
20150904,4.471994164880434
20150907,-0.9859992025478519
20150908,-2.289832337687815
20150909,-0.8846291841226941
20150910,-0.24087314355020012
20150911,-0.310995590818635
20150914,-0.9435577680999376
20150915,0.7383760067085037
20150916,0.9551278941602288
20150918,-1.9451106614620215
20150921,-4.276768863509745
20150922,2.9103537568470124
20150923,-1.1988511176875352
20150924,1.4000486085714245
20150928,0.7996345298964921
20150929,-0.9331853113013301
20150930,0.17837373172414578
20151001,-2.1696549307118334
20151005,-1.583448388876849
20151006,-0.2937804273284515
20151007,0.23848931089701375
20151008,-2.758803745116585
20151009,0.49151532448766727
20151012,-0.809559998878741
20151013,-0.8681711095213528
20151014,-3.1061881486722145
20151015,-0.4006579414685892
20151016,0.4066825415623168
20151019,1.653904096811948
20151020,0.6693520252184891
20151021,-3.279842440408159
20151023,-5.6481944315750425
20151026,4.300044500116962
20151027,0.5838060637652812
20151028,-0.21194272501845718
20151029,2.30527857979129
20151030,2.109579861671908
20151102,0.22946342314706314
20151103,0.8740401245074086
20151104,0.882240731436001
20151105,-0.2241621914754173
20151106,1.4777947220942482
20151109,1.3679079572092987
20151110,-0.431753548463608
20151111,-1.302608665234903
20151113,1.032714547640818
20151116,1.3789736751708122
20151117,-5.3944381160869606
20151118,-0.9947082783945842
20151119,-2.518011745938701
20151120,0.47085207760125314
20151123,-1.4051732580651328
20151124,1.08420711580606
20151126,0.09733163379761939
20151127,-0.21520755078798182
20151130,-0.9639198780149814
20151201,-0.4604907229004435
20151202,0.9576313848768438
20151203,0.09678781945274692
20151204,0.9064072193399751
20151207,0.34953101735386194
20151208,3.063892359842275
20151209,2.4463680433333224
20151210,-2.8982709619893074
20151211,-0.09266989667098917
20151214,-1.4544955173411265
20151215,0.48373198140665685
20151216,0.29355979092544987
20151217,-1.4463659663120678
20151218,0.2899377042275906
20151221,-1.3672119642857106
20151222,-0.9719161807740717
20151223,0.34613858790523333
20151224,-2.2181640472465585
20151228,0.584443621402327
20151229,2.1285740580714725
20151230,-0.27981541876572874
20151231,-2.917373486180919
20160104,-1.2907043618460576
20160105,-0.02792625
20160106,-2.0469286252969154
20160107,0.90338923311992
20160108,-6.197138940951822
20160111,0.13809477933037245
20160112,2.078503905210649
20160113,-0.08455139156285069
20160114,2.2357975756932653
20160115,2.6356522097568003
20160118,2.351609740481856
20160119,0.6423967237964621
20160120,4.818699516871169
20160121,-0.09269917255963528
20160122,-2.863276186391756
20160125,-1.4693273968922378
20160127,0.2806079727239036
20160128,0.3097893432465923
20160129,-3.1696706028589148
20160201,-0.060240963855418266
20160202,0.6622516556291357
20160203,-0.6060606060606061
20160204,1.5378913002409604
20160205,-1.9867580929253295
20160208,-0.14842177920769334
20160209,0.3313384702158409
20160210,0.09196318344162976
20160211,1.5378913002409604
20160212,3.704796374638919
20160215,-2.0627030670565727
20160216,1.529258638753894
20160217,1.3007401640506293
20160218,1.1903561950994264
20160219,0.03656130493506125
20160222,1.1412168832748613
20160223,0.43184977714660655
20160224,-0.424674948903563
20160225,-0.06578947368420679
20160226,-1.1176857330703596
20160229,0.3250975292587776
20160301,-1.696020874103062
20160302,-0.19243104554200316
20160303,-0.34817790277848915
20160304,-0.6024213538545027
20160308,-0.5991414598477194
20160309,0.4135649085488888
20160310,1.2393516529404307
20160311,0.10029423474969
20160314,0.6788654040359862
20160315,2.755096051035606
20160316,-8.949513552556596
20160317,3.3337827207090465
20160318,0.8574400265211929
20160321,1.18443250702615
20160322,-3.322649113410849
20160323,-0.09061455692932728
20160328,-0.2154262500000071
20160329,1.0325852908608966
20160330,-1.2889602979192938
20160331,0.7813890380946344
20160401,0.1602484471374836
20160404,-4.179018866226412
20160405,1.9646781531883954
20160406,0.21838170806531465
20160407,0.03526069254477722
20160408,0.3443223529419176
20160411,-3.0041733237965333
20160412,0.4554218808433803
20160413,0.45790548121064345
20160418,0.2777802330413625
20160420,-0.8195225849786351
20160421,0.942166982421304
20160422,-0.02635602
20160425,-0.3319794918826406
20160426,0.3392746929798869
20160427,-0.6991388946177336
20160428,1.7354908815795904
20160429,-0.33557061492888063
20160502,0.4668622290752053
20160503,-2.0090078167781837
20160504,1.674737540145798
20160505,-0.21191992147094124
20160506,-1.1369314931708892
20160509,-1.1857492711226392
20160510,-0.4487012461640462
20160511,0.3939145904204136
20160512,0.6972577405669584
20160513,-1.3630793415431453
20160516,-1.165594559016773
20160517,-2.101194626680498
20160518,1.3091503837049843
20160519,0.8563664478104768
20160520,1.042377780451313
20160523,0.6937822852460918
20160524,1.4849814735066504
20160525,-2.236450581381212
20160526,-0.6271064306006006
20160527,-0.08620732253731003
20160530,-3.964453324033409
20160531,2.441921265292757
20160601,-3.0282715745556175
20160602,-1.2265058299999967
20160603,2.683827315115744
20160606,0.08957078056298146
20160607,-1.7696784040848343
20160608,-1.3971511755168509
20160609,0.25533412084507046
20160610,0.48211855627118966
20160613,-0.25349968837024744
20160614,0.08695842759206154
20160615,-1.0473429740555773
20160616,1.4897960959292469
20160617,-0.14023123551880767
20160620,0.20158428280182555
20160621,0.08794910114154603
20160622,-0.14049186428570778
20160623,0.03087147557077301
20160624,1.629990309166194
20160627,-0.6649982522067496
20160628,-1.8727150940276909
20160629,-6.31515799135977
20160630,1.0933467550746239
20160701,-0.8346815669272237
20160704,-0.7747193316042811
20160705,2.7871072519532967
20160707,0.4113511160021753
20160708,1.729779726933635
20160711,-0.025568599999999997
20160712,-0.13723805840313624
20160713,-3.148825710987169
20160714,0.6235810191671265
20160715,1.2266229318018418
20160718,1.9040192667254687
20160719,-1.0372228244856565
20160720,-0.2480116509070705
20160721,1.0850757299056082
20160722,-1.5414206859292627
20160725,0.0852010290265581
20160726,-0.19153139681063752
20160727,0.19569819902708996
20160728,0.30699153229916587
20160729,-0.08100487690939095
20160801,0.4745815600000031
20160802,-0.5837657320156338
20160803,-0.5806655249528041
20160804,0.3058902292435087
20160805,-0.7456400466482058
20160808,-1.7305889570517021
20160809,-2.188749970557058
20160810,1.7215376214081584
20160811,0.1900988013793134
20160812,0.4065470027645697
20160816,-1.1100171384815618
20160817,0.028229628669524852
20160818,2.819455419366619
20160819,0.5270677478453037
20160822,0.0856926711111048
20160823,-1.3046175501223485
20160824,0.8532196709280584
20160825,-0.8564433707479225
20160826,-0.24519865978022293
20160829,0.7969499810526315
20160830,0.8037689563515754
20160831,1.3681155622296546
20160901,1.7835131597738931
20160902,1.4714151811859497
20160906,-0.8436533903214528
20160907,-3.2717952515941997
20160908,-1.2606795292756974
20160909,1.5275488367609602
20160912,1.2140181797183034
20160914,-0.1395085712036444
20160915,-0.02526822
20160916,0.20265200792023114
20160919,0.0889522254597308
20160920,-0.48267245098912687
20160921,1.2268660998633971
20160922,-0.6016370960806916
20160923,0.37587791180515107
20160926,0.0898065786191122
20160927,0.49316495972350555
20160928,-0.19897985867979814
20160929,-0.5454994338728356
20160930,0.9523050979988598
20161003,-1.5932124708710902
20161004,-2.1979383171983895
20161005,-1.9278983263234504
20161006,-1.0131346647940755
20161007,-0.13342154802065723
20161010,0.08396982053774504
20161013,3.4011080876509037
20161014,0.7636214982882915
20161017,0.5996237888876245
20161018,-2.194855253735015
20161019,-0.5277411332084996
20161020,-2.305128697174635
20161021,-0.0791946190103286
20161024,-0.5682955008695652
20161025,-0.8896821048648618
20161026,0.35031673642014394
20161027,1.427726970086077
20161028,-0.9526143882532846
20161030,-6.244244940351542
20161101,-0.7374977472301455
20161102,2.048134018897888
20161103,1.317464639194628
20161104,2.95791431416012
20161107,-7.5760578009492985
20161108,0.777589981664992
20161109,-5.535434024630928
20161110,-0.16822566527072896
20161111,-1.0292633489952125
20161115,5.8495147080720065
20161116,4.85725259314544
20161117,-2.0865758134920664
20161118,-0.07492408177812043
20161121,4.225620913212429
20161122,-3.107499334415578
20161123,0.7118243864829427
20161124,0.4531571467953494
20161125,-1.351155580138151
20161128,-0.5996037438752085
20161129,-1.847599028248175
20161130,-4.682279717885301
20161201,3.5972685004892395
20161202,-2.611916237309642
20161205,-1.4580169513854557
20161206,0.46472112804878046
20161207,0.9082887990196107
20161208,-0.9137319439633901
20161209,1.055876524644442
20161212,-1.3617054654189478
20161213,2.4720238820939304
20161214,1.682887148143505
20161215,0.07806611454314294
20161216,-0.841604715396026
20161219,0.8882894796401477
20161220,-2.837326022736573
20161221,1.866520473681598
20161222,1.9028002176267662
20161223,2.5094316303102406
20161226,1.2490320790716212
20161227,-0.7764611884309542
20161228,-0.6641774699999939
20161229,-0.6602581376947627
20161230,-0.8142175054818325
20170103,-1.4910646012624322
20170104,-0.4889641251058367
20170105,-5.728035011993831
20170106,-0.3157137127029766
20170109,3.417563127595745
20170110,-2.1324605249397677
20170111,-1.8431025028810168
20170112,-2.486906554509896
20170113,-1.5323394000848338
20170116,1.1827285488115107
20170117,-3.125831849398493
20170118,-1.5284301866271572
20170119,-1.3265283594207482
20170120,3.078508789432624
20170123,-1.2594607523970802
20170124,-1.4703289937505597
20170125,0.19838905922048997
20170127,1.3151082442857143
20170130,-3.5083403659275967
20170131,2.9928754377393867
20170201,2.0948486796844077
20170202,-0.8991995214601591
20170203,-0.6176340959360782
20170206,-0.2055973755651281
20170207,-0.3411994225328578
20170208,-0.47569797337850045
20170209,1.9996560349640289
20170210,3.9230393109040813
20170213,0.21516628323936932
20170214,1.2693781882758701
20170215,-2.886413275526446
20170216,-1.203272073018868
20170217,0.16245339648018914
20170220,-0.02402679
20170221,-0.8180482752872569
20170222,1.2271316900741505
20170223,1.7593243254105975
20170227,0.8839118143096062
20170228,0.5547160425747429
20170301,-0.5088421023763338
20170302,-2.195389081814672
20170303,-0.3542309995134705
20170306,0.8238832171186494
20170307,-0.1185411716334364
20170308,1.9213971270019081
20170309,-0.07146304366232353
20170310,-0.21650734767890584
20170314,0.025178798262545522
20170315,2.3912088622646066
20170316,0.3232794365413106
20170317,-0.5692605126613676
20170320,-0.4675281944444472
20170321,-0.2197405838249782
20170322,-0.6609640247791868
20170323,0.3672721223744432
20170324,-0.1696243881204028
20170327,0.7103563199120235
20170328,-0.02278151
20170329,-0.6628602889266426
20170330,-0.6586381277886414
20170331,-0.2170882484686464
20170403,-5.5054056517709915
20170405,-1.8165585428702877
20170406,1.1972817525395467
20170407,2.2187555439798743
20170410,-1.0054675184230335
20170411,-2.617776876079701
20170412,1.7839032235140018
20170413,0.9427265815455356
20170417,-0.20902205357174977
20170418,-0.6722843859341705
20170419,0.43738244708429297
20170420,-0.20882475097640243
20170421,-5.012177915889151
20170424,2.8799263018125925
20170425,-2.062692183425465
20170426,2.0633084877797465
20170427,0.7922997406122501
20170428,0.8447432145724634
20170502,1.0368588188560939
20170503,0.25569348972027706
20170504,0.7705864383684043
20170505,-0.9666845388030162
20170508,-0.1175481516059837
20170509,-0.07081926104477346
20170510,-1.7957392415617768
20170511,1.8996297661612538
20170512,0.20920764096683792
20170515,1.520615730224711
20170516,-0.9277993215739312
20170517,-0.8254590984825717
20170518,2.1262095444085993
20170519,-2.6043567569851778
20170522,1.3263938475873207
20170523,0.6838872074504249
20170524,-0.02432809
20170525,0.023223027451270913
20170526,-0.5952129615509121
20170529,0.6852272553169346
20170530,-0.21489502663649626
20170531,0.11832526235378571
20170601,-1.4054310409523836
20170602,1.0558407387787747
20170605,0.07048810163342291
20170606,-1.4978626904182482
20170607,-0.11815547498828508
20170608,0.4904122001263427
20170609,1.1986258140451524
20170612,-0.16718523285714829
20170613,0.3085297321588288
20170614,0.2619314519847301
20170615,-0.16786875985646477
20170616,0.3578983791829963
20170619,0.6950963704316547
20170620,-0.12094644748791722
20170621,-2.2444053100772314
20170622,-4.792977759499525
20170623,-2.007203258995045
20170627,2.7153979373972676
20170628,-1.6145143689641075
20170629,-7.940249378014319
20170630,-0.8117296648031402
20170703,-2.9026175636842106
20170704,2.2938173936131028
20170705,-1.0881578772340403
20170706,0.09697882987854711
20170707,-4.848151136692352
20170710,-0.2178274612374323
20170711,-3.5752312651717437
20170712,-3.0062155217219533
20170713,2.617878266518281
20170714,1.053889444498133
20170717,-0.5878753279481398
20170718,0.05056094554560742
20170719,0.3497941081600599
20170720,0.5393378030630631
20170721,0.35377568375235935
20170724,-2.259420599143628
20170725,2.2372087652038632
20170726,-0.251256545551772
20170727,1.8300777903329677
20170728,1.402492492791052
20170731,0.24988226052013637
20170801,1.4271043421568583
20170802,-2.1329090782530886
20170803,2.236451307755265
20170804,0.3349756246411506
20170807,-6.346405061604634
20170808,1.3686719364508804
20170809,4.556276621755725
20170810,5.536123950000002
20170811,3.3221637636382915
20170814,-3.179003131507457
20170816,-1.893034928504675
20170817,-2.1089469424103418
20170818,1.1607644728758193
20170821,-0.3959306180033095
20170822,1.6647565694398776
20170823,-2.369917105718485
20170824,-0.105591817511252
20170828,-0.9235207610224903
20170829,1.1923266248804216
20170830,-6.01469776718097
20170831,1.1764295986914528
20170901,-4.529994852476489
20170904,2.525956029838775
20170905,-1.5627787421085033
20170906,-0.8194812281697699
20170907,-0.5122962145112825
20170908,-1.5200203508903851
20170911,-1.0187826665425685
20170912,1.3997832542335684
20170913,1.5684285518659797
20170914,0.46536428100828114
20170915,1.1104902409451798
20170918,-1.974012066883374
20170919,-4.337303654598649
20170920,-1.4260985070334329
20170921,0.43726764780142247
20170922,1.7575358728820807
20170925,4.002390082763862
20170926,-1.233097897944062
20170927,1.4699267190888723
20170928,1.720020001561798
20170929,-0.06230550691358902
20171003,-3.456043038634777
20171004,0.7965581106189369
20171005,-0.061168394962414566
20171006,-4.270098273209303
20171009,-2.438859197310759
20171010,-1.2203361136254758
20171011,0.39381689434782213
20171012,-0.7919991393049209
20171013,0.7736526263951513
20171016,1.4788714320684877
20171017,-0.2364158431323245
20171018,0.9320269523893766
20171019,0.15497381076483202
20171023,1.7306607049122928
20171024,-0.9348039772011661
20171025,-0.09595350124234217
20171026,1.419796934153735
20171027,-1.3419237221017817
20171030,0.08469541220817181
20171031,-3.3522346666570355
20171101,1.8670310425210201
20171102,0.011963533718760137
20171103,2.296874525790789
20171106,-1.7415615173099372
20171107,6.623777434933524
20171108,-0.4471278773979854
20171109,2.5059796077654144
20171110,-0.9281688305859265
20171113,-0.9590331321745819
20171114,2.13843690216216
20171115,2.6203157818311036
20171116,-2.293688778443463
20171117,-1.2127859020927465
20171120,0.5638188058049354
20171121,-1.678571595697395
20171122,-3.4733376631007666
20171123,-3.2459058519820245
20171124,0.6659299124137849
20171127,0.5245203540350877
20171128,0.9685569891731148
20171129,-0.8032352822717235
20171130,2.186068701381215
20171201,0.5787604848399333
20171204,1.1508113315839206
20171205,-0.714060099079759
20171206,2.2228870878522597
20171207,-1.4652473004869453
20171208,0.2065386965437657
20171211,-3.103167812894534
20171212,1.2457281322255542
20171213,2.1319484583207218
20171214,-0.44907898776576066
20171215,-1.2940839021939996
20171218,0.8503162723109127
20171219,-1.212526356748453
20171220,0.544521070121258
20171221,-1.7008560582926961
20171222,0.38826706307347175
20171226,-2.2822127139744075
20171227,2.4051230075708374
20171228,0.1268596679404127
20171229,0.2782021484208581
