Date,NAVNETEDUL
20130102,0.459656382426878
20130103,-0.4986782849319738
20130104,-0.6961968545491583
20130107,-1.2540647868944212
20130108,1.4438459558426338
20130109,2.081002415584692
20130110,0.6877979921450924
20130111,1.126295392788157
20130114,-1.2565993074454067
20130115,0.8901490633813498
20130116,1.1149258742173744
20130117,-0.8397055364856157
20130118,-0.21283422816852848
20130121,-1.0055028998874376
20130122,-0.1186318448583939
20130123,-1.1219919074375984
20130124,-0.0623291366251576
20130125,0.14261016159126216
20130128,-0.6708851261997166
20130129,1.2394057992654257
20130130,-0.49200082081115853
20130131,-0.06081171429183266
20130201,0.027727594347707357
20130204,0.08537927495368786
20130205,-0.7174901239617293
20130206,-0.5154792725227421
20130207,-0.34585463122580035
20130208,-0.6298245143129159
20130211,-0.05850555223446324
20130212,0.8114229879250322
20130213,0.8094504995807064
20130214,0.22879343363104665
20130215,-1.500849315836604
20130218,0.08809210571772574
20130219,0.03008691409467046
20130220,0.8874007969608908
20130221,0.4660251741213972
20130222,-0.5601270357435537
20130225,0.033584570750231024
20130226,-1.2661893846422074
20130227,-0.288940256938292
20130228,0.6996507081124228
20130301,-0.8754966897651988
20130304,0.7515132995373754
20130305,0.5915946643771504
20130306,0.2840814873266818
20130307,0.6303411939749025
20130308,0.06504821069592781
20130311,-1.8373490925227847
20130312,1.3011556769011834
20130313,0.46553928528805955
20130314,0.19188653088234886
20130315,0.2798044624195016
20130318,0.08935885357079437
20130319,-0.3869960395398473
20130320,1.1165593660090327
20130321,1.7010581827735014
20130322,0.3987297020282564
20130325,-2.7299166854227925
20130326,0.8148330779504056
20130328,0.22183401504910805
20130401,-0.7942647670542813
20130402,-0.14892185072912256
20130403,-1.1174823016632836
20130404,-0.07232726925060651
20130405,-0.8036687349940171
20130408,1.3019384149794917
20130409,1.0674797325940872
20130410,1.2428001486725855
20130411,0.6284752394002642
20130412,-0.6043315840941886
20130415,0.17481729282791464
20130416,-0.5084275555811864
20130417,1.1199005092526488
20130418,0.42287306355943854
20130422,-0.863674031402178
20130423,0.7146535934764775
20130425,0.7749929666456133
20130426,-0.3988567057936224
20130429,-0.5675735606261209
20130430,0.7656344927947175
20130502,-1.8132647674385984
20130503,-1.1038536117151398
20130506,0.6569000333345043
20130507,0.2614953986438772
20130508,-4.317402031837947
20130509,-2.299641579923602
20130510,-2.1046744066518777
20130511,1.1648798022530613
20130513,0.584947133180579
20130514,-1.5710036433522796
20130515,1.0905399218688467
20130516,2.012382343501543
20130517,0.7180952096632685
20130520,-1.4565373730459938
20130521,-0.8590577733939557
20130522,1.4992304068423923
20130523,-0.6073441543495077
20130524,0.7407185476886391
20130527,-2.0277429428653133
20130528,-0.36340241951298075
20130529,-0.06237076669063915
20130530,0.20045421221503273
20130531,2.914673669422362
20130603,0.0284468837013655
20130604,-2.4296374434858943
20130605,0.46983341893227965
20130606,0.39422084094390736
20130607,-2.477467076398117
20130610,-0.47410213160592174
20130611,0.8517845128186248
20130612,-0.16017092093395907
20130613,-0.7775471018014266
20130614,0.8555564338828121
20130617,-0.005454207724509795
20130618,-1.4072926109913602
20130619,-0.9661547234440717
20130620,1.0777382587532471
20130621,1.0180712574537132
20130624,0.6506541543157905
20130625,0.1104803281664094
20130626,0.15967377327694704
20130627,-0.2195968596034237
20130628,0.10809626597235522
20130701,-2.066842697302206
20130702,1.6186868268429648
20130703,-0.42038871452330817
20130704,-0.42729791845577386
20130705,0.2432577305355293
20130708,0.36892550539166635
20130709,0.5385184147686647
20130710,1.0880225112422226
20130711,-0.4608440627288929
20130712,-0.014306448340656655
20130715,-1.370825011230558
20130716,-0.378436626041095
20130717,-4.259515460231257
20130718,-1.3243372585733026
20130719,0.5875104448156354
20130722,-0.4790754506828875
20130723,0.5401445919600266
20130724,0.6727722336337459
20130725,0.3198419464705926
20130726,1.5441737654460825
20130729,2.8745416177601495
20130730,2.2224195943789318
20130731,-2.1781717654366184
20130801,-0.12689473379264257
20130802,0.9083231478099352
20130805,0.41293095335716
20130806,1.6984836902187241
20130807,4.7895571573280655
20130808,0.33947555199342605
20130812,-0.9481396576399528
20130813,1.1072270405950597
20130814,1.777187971426184
20130816,-0.9300264633684723
20130819,-1.297189236234245
20130820,-0.5975199536845497
20130821,0.9040781655209683
20130822,-0.24259187173908847
20130823,0.11206281531371909
20130826,1.695980057735258
20130827,1.3925592017272062
20130828,-1.1601660773077378
20130829,-1.0763583268655739
20130830,0.12886330564510823
20130902,-0.6497530708504882
20130903,0.7751227281742239
20130904,0.22689857385377352
20130905,0.012167854523805088
20130906,-0.05756731636291956
20130910,-0.7146530491667695
20130911,-0.4404200733238487
20130912,0.23901267223129152
20130913,0.48442382176331683
20130916,-0.10684165709049392
20130917,0.7627204599303381
20130918,0.32793430844911997
20130919,-0.5560486709643329
20130920,1.220227236653995
20130923,-0.9761498202207883
20130924,0.37752772531551404
20130925,0.8397221488561797
20130926,0.5267665511890391
20130927,-0.9810791910247276
20130930,0.22624435579421154
20131001,0.5919921482919634
20131003,0.5111543705244077
20131004,-0.3055360911581482
20131007,-1.253808594768293
20131008,-0.8754922343576635
20131009,-1.3432886009662117
20131010,-0.2401926243786079
20131011,2.094282007067152
20131014,2.4648584950913768
20131015,-2.0707174087454563
20131017,1.8884629777421857
20131018,1.533520850485893
20131021,0.7006662866640241
20131022,0.3685615018540165
20131023,-1.603758525129108
20131024,1.7193600669615228
20131025,0.07760464523093774
20131028,-0.13974767978298708
20131029,-1.8468821185634772
20131030,0.37436674724488467
20131031,-0.30497637038707126
20131101,3.016323199917019
20131103,0.11757721328626602
20131105,2.338848310147037
20131106,0.05113886861790923
20131107,-0.59781077325774
20131108,-4.122940474768502
20131111,3.1583402121602293
20131112,-0.2704608484039527
20131113,-0.4894241139691626
20131114,1.0750608924915896
20131118,0.5828700540851268
20131119,-0.7339602186984986
20131120,-1.4859207951941205
20131121,0.3642217964615151
20131122,-5.296780667714037
20131125,3.194529236416182
20131126,3.8273206882427866
20131127,-1.563762590643747
20131128,0.14801740714265532
20131129,0.3411041851171552
20131202,0.858505284372747
20131203,-0.11812689677944427
20131204,-0.921442506941807
20131205,0.049862964031263
20131206,0.6142482780131795
20131209,-2.0352037756157846
20131210,0.7451987327473932
20131211,0.4109728674750535
20131212,-1.1610426899596118
20131213,0.5437985886894154
20131216,0.349232745576983
20131217,-0.16858548398539014
20131218,0.4297348914945689
20131219,0.7107988860253076
20131220,0.9681280564546381
20131223,-0.14237013840912294
20131224,-4.747446608018998
20131226,3.2804026010083653
20131227,-0.3425560812710047
20131230,-4.806402184033557
20131231,0.7592452862028951
20140102,0.7796739409858657
20140103,-0.22246808370925525
20140106,2.092909668591038
20140107,-1.3665859612665276
20140108,0.5844174379161524
20140109,0.025553236777634047
20140110,0.9477358182417253
20140113,0.6716991028890833
20140114,-0.25968165541577337
20140115,-0.42017143789455075
20140116,-0.9327761414175607
20140117,-0.03275784074994803
20140120,1.4480352490866042
20140121,0.8069616027884261
20140122,-0.3032799471099308
20140123,-0.2982372200201714
20140124,1.2345419263078798
20140127,0.4902075800033514
20140128,-0.6364371389801732
20140129,0.3420991037923733
20140130,-0.8790405602914231
20140131,-0.5903734886880606
20140203,-0.44559975796267
20140204,0.5651300992261887
20140205,0.9200744326325243
20140206,-0.3718770702599946
20140207,-0.25969324692714874
20140210,0.40963623029614127
20140211,0.35646370110528225
20140212,-0.3502172984742631
20140213,0.24778401608745815
20140214,0.5834194602809586
20140217,0.4130703832782124
20140218,-0.26156963097324065
20140219,-0.45837816370723017
20140220,-2.2516454696966504
20140221,0.03979140031057338
20140224,1.0262645894706075
20140225,0.8358540511856543
20140226,1.2624166466627136
20140228,-1.629076822303206
20140303,-0.046607226312617406
20140304,0.378330514907268
20140305,0.1527559200329509
20140306,-1.071917570842504
20140307,1.0832030936879589
20140310,-0.8362791357070057
20140311,0.7485745007123992
20140312,-0.41374686221260654
20140313,-0.331219392257395
20140314,0.6905934135885221
20140318,-0.8978137853637118
20140319,0.6790888525458865
20140320,0.6480440608514579
20140321,0.9697666292700657
20140322,0.2659271454496753
20140324,0.16880249582146578
20140325,1.9179009798916067
20140326,-0.8520975346635274
20140327,1.7273322474455632
20140328,-3.9698954623397844
20140331,0.7317249500499823
20140401,1.0018827224356068
20140402,-5.325366023859377
20140403,-0.4580606701358291
20140404,-0.5734358659108547
20140407,4.038409658182488
20140409,0.7790211166850505
20140410,0.9142634970877951
20140411,1.1585620150267995
20140415,-1.6215499807831262
20140416,-0.7144499249128322
20140417,1.31179899082756
20140421,-4.876992377126605
20140422,1.953282929024686
20140423,-0.4748019533510988
20140425,0.8364687858816554
20140428,1.7875275484729078
20140429,2.539622691743705
20140430,-1.5223203657924942
20140502,2.022576932645541
20140505,-1.2767155825129022
20140506,0.08467647518942228
20140507,-2.222343610220477
20140508,-4.409806631375604
20140509,1.1497838771310551
20140512,0.7114845123090822
20140513,1.2481113783714821
20140514,3.309870079152378
20140515,0.5511021819000158
20140516,-1.7927792582976962
20140519,1.4326546527885191
20140520,-12.52175005958404
20140521,2.63600749205529
20140522,-3.69898688394988
20140523,3.3289208100639307
20140526,-3.6765634416838764
20140527,1.4133282990992524
20140528,-2.060502883399436
20140529,-0.25564185341320633
20140530,2.2373752377545224
20140602,2.0397373021864285
20140603,1.6899244126483475
20140604,-0.554507160156845
20140605,2.3511075048324974
20140606,1.2531191033065565
20140609,-3.2414215557532953
20140610,-0.8114685880130051
20140611,-5.368801499380566
20140612,0.805181939016438
20140613,1.47668259279593
20140616,-2.861084392265083
20140617,0.6304618328961398
20140618,1.175332526270676
20140619,1.3723129669966998
20140620,-1.8777772745244619
20140623,1.0698775091235113
20140624,0.16985780664866823
20140625,0.9194673467088754
20140626,1.8573224015286889
20140627,1.7879039411534337
20140630,-0.5646214046445845
20140701,-2.115564624318056
20140702,0.35270239340215864
20140703,0.4595200887360401
20140704,0.5415718991058527
20140707,-3.2342366837726786
20140708,3.950325978293404
20140709,-0.02830279723791551
20140710,3.8925914337188514
20140711,-2.2847467945290196
20140714,0.6440078466239638
20140715,0.13609518928151787
20140716,-1.1211520801808765
20140717,-0.19788505507222132
20140718,-1.383672200302509
20140721,-2.2323319312944827
20140722,-0.34772584497175585
20140723,0.9208938647773613
20140724,-3.9856790706606717
20140725,1.594187811427192
20140728,3.455828390300611
20140730,-0.9826659943913736
20140731,0.45917915616498073
20140801,0.6339678996483841
20140804,-0.9667287139845084
20140805,0.5033836624133239
20140806,-0.892239485149958
20140807,-1.1242254056997243
20140808,-1.1367433974895924e-05
20140811,0.15229286153697652
20140812,-10.39318430650013
20140813,-0.9671575671572097
20140814,0.7546913710455787
20140818,-1.392214150823805
20140819,1.0069296244038979
20140820,-0.4826813252372951
20140821,-0.7528508753693033
20140822,-0.5935894410171414
20140825,1.2837572602858363
20140826,1.2090782473405932
20140827,-4.396751459008982
20140828,-0.976928534317753
20140901,0.09865216648606068
20140902,1.4022032590828735
20140903,1.3166973481533344
20140904,1.237760424695166
20140905,-4.0992094608860725
20140908,-0.5853075579923832
20140909,2.912984849814627
20140910,-1.2744911739376077
20140911,0.40602277813120813
20140912,0.7276628242557251
20140915,-0.06003768966176759
20140916,0.33094629224012273
20140917,0.32578709498353475
20140918,0.8856543265206985
20140919,-1.169085356402344
20140922,1.0092615439632748
20140923,2.4197088767732886
20140924,0.018593380553972305
20140925,-1.0808801642495192
20140926,-0.28478073837817747
20140929,1.7907967767061428
20140930,-1.333439964072814
20141001,1.0998525615659718
20141007,-0.21026117132186245
20141008,0.035332918111161404
20141009,0.12334080698909733
20141010,-0.7530147882758979
20141013,0.3717894416013418
20141014,-0.48539296003035665
20141016,-0.7446899024427471
20141017,0.8172209474692023
20141020,-1.153643596590494
20141021,1.0247301264183113
20141022,0.6525609180281119
20141023,-0.4365983155904821
20141027,1.109973492446342
20141028,-0.6177434794400347
20141029,0.2615167525975778
20141030,-5.345339339635827
20141031,0.44085648309329106
20141103,1.4764128832350525
20141105,0.33066207777471623
20141107,-1.056979734842409
20141110,2.6295882054879223
20141111,0.4588955123324301
20141112,1.5297671382045748
20141113,0.28182971141891217
20141114,0.9153516355765852
20141117,0.048233713890128815
20141118,0.5927425414530445
20141119,0.04560868408195862
20141120,-0.03953458214463635
20141121,0.47607599267681855
20141124,-0.02979580219068978
20141125,-1.0041457020600055
20141126,0.5724386044837646
20141127,0.04468999558308595
20141128,0.26462930127863626
20141201,-0.3302721499703066
20141202,0.18013186141307672
20141203,1.3039312671821426
20141204,-0.6123185613218378
20141205,0.1533563018526048
20141208,0.1414403215751207
20141209,-0.8517947935906114
20141210,0.4835393412117123
20141211,-0.5885961575327943
20141212,-1.3109305621497143
20141215,0.19894514730149165
20141216,-3.86970240124046
20141217,-0.005240401102629466
20141218,-0.9684333309124096
20141219,-0.07710005587621249
20141222,0.9935557432039681
20141223,-2.4670217117399367
20141224,-6.095186217909893
20141226,0.40741779651425003
20141229,-0.010651017237653493
20141230,0.5394846102543832
20141231,3.879545055882301
20150102,0.20585898373945155
20150105,0.16650314387348863
20150106,-0.2009164324025683
20150107,0.5554047688179403
20150108,-2.843704723117568
20150109,-1.698606287061654
20150112,-0.10333687609092607
20150113,-2.288183685772731
20150114,-2.6572927507820756
20150115,2.2971994795269146
20150116,0.8319914055373318
20150119,2.313543518133862
20150120,1.2897680416225488
20150121,-0.7264138727213161
20150122,0.8598757536976207
20150123,0.9585219337646784
20150127,-0.1797798860799107
20150128,0.4296161403465258
20150129,0.7074474601466174
20150130,0.4639917512168857
20150202,1.2565276322212542
20150203,0.08939199922547378
20150204,-2.64084873284092
20150205,1.3823130937244017
20150206,1.4180530497581452
20150209,0.29772246731661167
20150210,-0.3886358694704528
20150211,1.2330305760354132
20150212,1.5796516659621456
20150213,-2.4193946237939574
20150216,-0.9162505360807908
20150218,0.07675796358517606
20150219,-6.929555943286713
20150220,2.026852419565815
20150223,1.2864897613702708
20150224,-0.40271351767199437
20150225,1.6522652965471636
20150226,0.2837793514745242
20150227,-1.3992276027200368
20150228,0.654312191421669
20150302,0.9010698030373726
20150303,0.3311310881797689
20150304,-1.841706094538907
20150305,-0.4609905506413573
20150309,-0.37886143925470517
20150310,0.4946238189328792
20150311,-1.085653683031316
20150312,2.0227450917025354
20150313,-1.2440095534857165
20150316,2.1771644127718406
20150317,-0.06377124198289506
20150318,-0.01176802592853804
20150319,3.0896758415194787
20150320,3.6585876630428946
20150323,-1.260598290371461
20150324,1.2847369420234431
20150325,1.4757339290892975
20150326,-2.655272677431309
20150327,0.40269599700910275
20150330,-2.7651399007099227
20150331,4.909099143751282
20150401,-0.6637212755321054
20150406,-0.800898562292023
20150407,0.844587637408731
20150408,-4.984912431367684
20150409,3.263114996928493
20150410,0.8166881498605899
20150413,-0.6832249383534256
20150415,0.18649659540679253
20150416,0.8267007230896328
20150417,0.3923506256958902
20150420,-0.2146466586674063
20150421,0.3561971145175031
20150422,2.596264107712152
20150423,-0.9441815552669129
20150424,0.4003179926670817
20150427,0.9689911341014967
20150428,1.5153919952223336
20150429,1.8389315352815694
20150430,2.41268045617663
20150504,-0.3719859752224197
20150505,0.5289312272618347
20150506,-0.4867849905757462
20150507,0.8844630532066518
20150508,0.8627986189793537
20150511,0.776655444239504
20150512,-0.29123926066823735
20150513,-2.636839732353171
20150514,0.15417051781241822
20150515,-3.843522190592262
20150518,1.722699233774716
20150519,-0.16538538898337424
20150520,1.4138052869284732
20150521,0.2047335648007429
20150522,1.3980655093000625
20150525,-1.2629456446132352
20150526,0.9273936906089009
20150527,-1.3947848858988696
20150528,-0.7220803755741776
20150529,0.05559357128758924
20150601,0.44148404898820093
20150602,-1.04416286024729
20150603,-0.7641289479993972
20150604,0.22552780359239655
20150605,-0.44635823095174204
20150608,0.2292356090703026
20150609,0.802182997534809
20150610,0.6756210994631073
20150611,0.2778115587616419
20150612,-2.461503481737235
20150615,-0.1549918374410748
20150616,0.7821799392021302
20150617,1.3693105038869853
20150618,0.049018426104408874
20150619,0.40333003985592614
20150622,0.7309107487389104
20150623,-7.676064063692563
20150624,-0.8810270287135045
20150625,1.915460577395264
20150626,-2.9630860000125927
20150629,0.6003330558541503
20150630,2.0770422868257503
20150701,0.4269306063567826
20150702,0.4962006334140008
20150703,-0.09076454101747383
20150706,1.3419574278048776
20150707,0.27788408639627643
20150708,0.016357122980339256
20150709,0.0839039599836771
20150710,-0.026005312351786103
20150713,-0.5340869893223418
20150714,0.3894112772819272
20150715,-0.8428531265753935
20150716,-3.4605562051727374
20150717,1.7306681360427805
20150720,2.5829154201045377
20150721,-0.08594676639570598
20150722,1.6874668744113288
20150723,-1.3395617539939928
20150724,-1.0521337842794476
20150727,1.8371266071212369
20150728,0.25047060897567086
20150729,0.861325037151985
20150730,1.9476263386914416
20150731,1.450596785505903
20150803,1.2249110926019386
20150804,0.005009020954618637
20150805,0.1500562263114653
20150806,1.160004374736478
20150807,1.3553213892700295
20150810,-0.08037115855887822
20150811,-1.043763341941018
20150812,0.6150485184083072
20150813,1.237918307039203
20150814,-1.0251922261972866
20150817,-2.3209886968110323
20150818,1.6117414584840946
20150819,1.8352403750448523
20150820,1.4886946891147972
20150821,0.9666632006967771
20150824,-2.0201636614333576
20150825,-0.8159434613497426
20150826,-0.5386223742940709
20150827,1.0004658794545027
20150828,-0.38502531040964544
20150831,2.0380326659880694
20150901,-1.2734909439800883
20150902,0.12058208882596282
20150903,1.003024808010031
20150904,-1.275214966252896
20150907,2.146946659630728
20150908,-1.0066544249557312
20150909,0.17374642429828557
20150910,0.92577221087341
20150911,-0.3300991460760909
20150914,-0.9634211762135378
20150915,0.2139088338055238
20150916,-1.922898139261617
20150918,0.2790103107243138
20150921,0.9441790939305672
20150922,-1.6542178626919544
20150923,0.009922992256156393
20150924,-1.1032467565311204
20150928,-1.4128922819636414
20150929,0.7294909961753855
20150930,1.3210137989329567
20151001,0.601986364437283
20151005,0.5911093224298599
20151006,0.8986799676328487
20151007,1.0797412134127276
20151008,-3.8360193742008164
20151009,0.3746178261212126
20151012,1.6318656047467706
20151013,-0.9602185707651967
20151014,1.5128148426661152
20151015,-0.3338516432522983
20151016,0.6968564736293996
20151019,1.5628454644960215
20151020,0.6656679976463162
20151021,3.0180239726169207
20151023,-0.9226156862618575
20151026,-0.5691911432941471
20151027,4.0880603839022225
20151028,-0.2471328352409476
20151029,1.1930798143866286
20151030,0.19330601991538665
20151102,0.8716334967148571
20151103,-0.9803534306391516
20151104,0.35014504612873343
20151105,-0.7247510548663049
20151106,-0.357640095011592
20151109,-0.3419265543543046
20151110,-1.0175237116985933
20151111,0.26070773087278576
20151113,1.4807990609286972
20151116,1.0802808287141494
20151117,0.7700966669055385
20151118,1.4367574045485638
20151119,0.9653859236506752
20151120,0.8388104247791204
20151123,1.5327039896413397
20151124,0.6212282576275152
20151126,0.3341522439720852
20151127,-0.443657290198116
20151130,0.3673772614480426
20151201,-0.028673146629421775
20151202,0.7171518636118746
20151203,-0.2791591925737498
20151204,-0.42861095482301637
20151207,0.24793938005919322
20151208,-0.4566969461442778
20151209,2.8427763541641995
20151210,0.8048951491002159
20151211,0.6714896545857072
20151214,-0.3471454694076669
20151215,1.375922294094317
20151216,0.055190058810300785
20151217,-0.25255264779999176
20151218,-1.3998952983982744
20151221,-1.947992548245073
20151222,-0.015717662139349442
20151223,-2.7821067122978427
20151224,0.3773581931982494
20151228,-10.375498671346392
20151229,-1.9330355673610653
20151230,3.0179691773754693
20151231,0.5269547498638844
20160104,1.1768653221646543
20160105,-1.112621778743368
20160106,0.6255938180717671
20160107,2.3161045070273616
20160108,-0.920004772706279
20160111,1.0325027454306324
20160112,1.047908335521221
20160113,1.6692059303391762
20160114,-1.5008801047587732
20160115,1.195874934651422
20160118,-0.44286189274602306
20160119,-0.2046758495906167
20160120,1.5221864600808848
20160121,-2.8214513937899492
20160122,-0.5107133192948417
20160125,1.2826236413100478
20160127,-3.0107862370900804
20160128,-0.8594247220396289
20160129,-1.2690462907248978
20160201,-0.035547598593644925
20160202,2.3414502154535843
20160203,1.5520382755107387
20160204,0.10941957093549737
20160205,3.422737275319995
20160208,0.3914484778953314
20160209,-1.3294194283624696
20160210,-0.6155924732106084
20160211,-2.365252867751804
20160212,-0.11873024423888245
20160215,-0.24251962430707596
20160216,-1.5605658825664082
20160217,-0.6302435857957267
20160218,-0.6385376982098449
20160219,1.1222711890420736
20160222,1.3139330870128423
20160223,-1.2099226013810322
20160224,-0.33936214416343186
20160225,-0.3366126113414506
20160226,-0.10079057495717329
20160229,-0.698583562074105
20160301,1.6111431386857396
20160302,1.249283396515111
20160303,4.759194452242061
20160304,-1.40387720352038
20160308,-0.11300257623583915
20160309,1.7729476953778138
20160310,-0.4683642652940737
20160311,-0.39980961549273064
20160314,1.2874162595938814
20160315,-5.187533322443837
20160316,3.241250673536944
20160317,0.4970902576224868
20160318,0.791948096125346
20160321,0.35716826334123924
20160322,0.5133910532385623
20160323,0.8573135034196677
20160328,-0.7683644126739295
20160329,-1.228762634291832
20160330,-0.2815110366514355
20160331,-1.8144503164287449
20160401,1.5278700080403402
20160404,0.28514502166760514
20160405,1.2795683069591783
20160406,-1.3683420046084769
20160407,-1.1237528878570877
20160408,1.3150393378164131
20160411,1.025119270872649
20160412,2.1780269123650613
20160413,-6.268315751252067
20160418,0.021403738997020527
20160420,0.7961288472697571
20160421,0.3352109781678134
20160422,-1.2321734191761506
20160425,0.19924745168418906
20160426,-0.03584810000862354
20160427,0.6604296692148881
20160428,-0.49294084781817116
20160429,3.020441978598268
20160502,-2.881239353369314
20160503,-0.6193583212956626
20160504,1.2382073322105782
20160505,0.3298915372052159
20160506,0.4608571881765745
20160509,1.0117546181892085
20160510,-2.160003712953213
20160511,-0.16598490913547048
20160512,0.4431933430553001
20160513,0.8584844934521783
20160516,0.55465477079471
20160517,-0.6903047074181399
20160518,-0.7741399069009524
20160519,0.24986189337033354
20160520,0.5354916045285688
20160523,-0.25418163433449803
20160524,-0.34272939276884995
20160525,-0.08006858807449024
20160526,1.6042096781372042
20160527,-0.4177791061234493
20160530,1.3450470104341938
20160531,0.6245089320893191
20160601,0.9575097767242058
20160602,0.3975807801663266
20160603,0.7212207489757265
20160606,-0.1101284478903049
20160607,0.551314183743191
20160608,-0.5768947682865279
20160609,-1.2689201637138556
20160610,-2.2155673441943207
20160613,0.7971878197567909
20160614,-0.274459590315705
20160615,0.8625195386020479
20160616,-0.9158377663025892
20160617,-1.8656965940814438
20160620,-0.08405130829611271
20160621,0.44193540833659983
20160622,-0.7695085355945603
20160623,0.5223938536438726
20160624,0.33068389978307833
20160627,2.2191641623756224
20160628,-1.7070442059706026
20160629,-0.6525488996081472
20160630,-1.7533221904348268
20160701,-0.15419946452284877
20160704,-0.9694578882572568
20160705,-0.21561919007447472
20160707,-0.8192874211377292
20160708,0.49101822078115903
20160711,0.6052848568916512
20160712,1.0254519120537395
20160713,0.41928933100643306
20160714,-0.2602637952573136
20160715,0.324054041159482
20160718,1.582902400715589
20160719,1.8855601639135782
20160720,1.6422129949969575
20160721,0.17295422850953232
20160722,0.6291869747034323
20160725,-0.3794058312236651
20160726,-1.8328701617699825
20160727,-1.124064020228331
20160728,-0.7516206226194644
20160729,-0.4316043730535982
20160801,0.3247779456138037
20160802,0.6347314059305111
20160803,0.42120504944591297
20160804,0.4698845777619579
20160805,-4.511523508250493
20160808,-4.203739076939542
20160809,1.4038389162477671
20160810,2.213843960547578
20160811,2.474271252032358
20160812,-0.5812477731553755
20160816,-2.7094397078715104
20160817,0.05364610003813616
20160818,0.5843529580538787
20160819,-1.4753510068772653
20160822,-1.3537825442074347
20160823,0.6663940029503609
20160824,0.42665874733231113
20160825,-1.6623991862423013
20160826,-0.02723183476044455
20160829,0.7458504837287903
20160830,0.1547962548340332
20160831,0.2971698628079149
20160901,0.19915568247792115
20160902,0.2756816855749339
20160906,-0.00851205277558198
20160907,-0.7130588438913356
20160908,0.7682645720123993
20160909,0.8566774276518377
20160912,0.18951202107681175
20160914,-0.5721259179679575
20160915,0.9000838565129489
20160916,0.28263312886216035
20160919,0.44864776049606037
20160920,0.06498697308445717
20160921,1.0895921217910796
20160922,1.0923853396571168
20160923,0.5709939543153096
20160926,0.6622097554947548
20160927,0.4877664444840593
20160928,0.0038317994446752657
20160929,-1.397590561822319
20160930,0.6082068064399395
20161003,0.5402924841038752
20161004,-0.3193694139957887
20161005,0.9565167425941327
20161006,0.6721000887200543
20161007,0.2796482057064189
20161010,-0.7655829442672502
20161013,0.5901845704470496
20161014,-2.559912683860273
20161017,2.486913620690311
20161018,0.7049004285866898
20161019,0.27095546980784063
20161020,-0.24072288220219762
20161021,1.3351835461644892
20161024,0.5074242677339142
20161025,-8.4931328078855
20161026,-0.8881851905523712
20161027,-1.2429628785351425
20161028,2.177279118174566
20161030,-2.120021989828772
20161101,0.8737624336271178
20161102,1.0149352549896729
20161103,1.4206984549589445
20161104,4.509670319690304
20161107,-1.2775876382446094
20161108,0.28370732935374776
20161109,-0.0008130769867376042
20161110,-2.1136478496645292
20161111,-2.3630783799811583
20161115,-5.409557087486947
20161116,-1.3549386282706697
20161117,-1.2591223243478518
20161118,1.4580130629229249
20161121,0.1957638080539572
20161122,-1.1228521886466822
20161123,-1.202524555330945
20161124,3.066947124475552
20161125,-0.07217239305990142
20161128,0.24335808114679192
20161129,-0.43570530575549116
20161130,-2.1919546355286865
20161201,1.0067519762174033
20161202,1.0092793498544284
20161205,0.23515720162100742
20161206,0.2893254148468664
20161207,-0.46880414261122483
20161208,-0.3020566302187456
20161209,0.5751548070481219
20161212,0.24837934826113534
20161213,-0.219310296270524
20161214,0.2893309127171626
20161215,0.06041163244317284
20161216,-0.5918217327356264
20161219,0.16024921707565648
20161220,-1.9359029252513922
20161221,-0.05295002059055055
20161222,0.003770748690476222
20161223,-0.7675694491183562
20161226,-0.02595665311486206
20161227,0.845812844033795
20161228,-0.06595826554604545
20161229,1.1942720027928888
20161230,-0.6368784479499907
20170103,0.03241964964328614
20170104,-5.941280719838073
20170105,0.33022490699958224
20170106,-3.3928702755723728
20170109,-0.33739965196336846
20170110,-2.4577386635094056
20170111,2.48430144441721
20170112,5.597829819661977
20170113,1.9579286536129061
20170116,-0.726173181770344
20170117,1.0411621202838253
20170118,1.5863271407374078
20170119,-0.594053285078848
20170120,-7.076037186824585
20170123,0.3677198054195509
20170124,-2.0348014098741447
20170125,2.0346269029408433
20170127,-0.2761458890810913
20170130,0.3400082698487702
20170131,0.16324453282568618
20170201,-1.314666222881343
20170202,-2.3546362519931288
20170203,-1.2057410487215323
20170206,1.6968139389122245
20170207,1.14874175407097
20170208,-2.1436645621383015
20170209,-6.083028940981608
20170210,-4.299491097440669
20170213,-0.14489354301420282
20170214,1.8681997216201673
20170215,-0.023241068502557916
20170216,0.14932198282224174
20170217,0.7006975346349431
20170220,2.6686496106710687
20170221,-0.019509591886579802
20170222,-1.3092730076906631
20170223,0.0787725109778191
20170227,-0.38300509340086497
20170228,-0.19782737395594302
20170301,-3.0825048127603987
20170302,0.5584693786167514
20170303,2.370534370244116
20170306,-0.5936706525929583
20170307,-1.926015039302569
20170308,1.30189284826843
20170309,0.7522386651970858
20170310,0.2424090835271902
20170314,0.7922760359949641
20170315,0.49894956852949046
20170316,0.4617773551208133
20170317,1.1012445537441895
20170320,0.8033749691437592
20170321,1.2260453408546443
20170322,-0.283577564003363
20170323,0.37980825215372593
20170324,1.0868129606404133
20170327,1.0556048760684236
20170328,-9.84230036625818
20170329,-1.4630148671655432
20170330,-9.182497603013196
20170331,4.137275289536315
20170403,-1.7450190836840505
20170405,0.5541940072770827
20170406,0.6610144011781791
20170407,2.38363299726895
20170410,0.6946135581561712
20170411,1.6345143187025397
20170412,-1.4871601013162798
20170413,-1.1438944999541352
20170417,0.6452256964508152
20170418,-2.704543173918129
20170419,0.672554155702944
20170420,-1.2721646691428932
20170421,0.8453616149867251
20170424,2.400058098314233
20170425,-0.9215975243470542
20170426,-1.6740712035896674
20170427,-0.05181783818428139
20170428,1.5884095401987426
20170502,1.1882869859296814
20170503,-1.131108179314953
20170504,0.23007827681545895
20170505,0.3177778651897024
20170508,-1.0514757486091497
20170509,2.12054847955305
20170510,2.150214147548874
20170511,0.39954654084767893
20170512,-1.9144850929779675
20170515,1.4767972649860432
20170516,-0.7628081136574651
20170517,0.2283322719422258
20170518,1.2208077063257403
20170519,-0.6949663262389342
20170522,0.5433964988041894
20170523,1.8012390370557967
20170524,-3.5276876846095186
20170525,-0.015643872428343863
20170526,-3.186741061038661
20170529,-5.644200200583046
20170530,1.6696179262091566
20170531,-5.4846920513515425
20170601,2.2922206004526866
20170602,0.6371262411304707
20170605,-2.1571872299566808
20170606,1.458547563124199
20170607,-3.198663502727817
20170608,0.8371111716221873
20170609,-1.775139202287746
20170612,-0.2699716202557307
20170613,1.3587065913139018
20170614,2.41650455626756
20170615,1.1545896585281614
20170616,-1.6750005132960253
20170619,-0.4395463850637762
20170620,2.076377097803504
20170621,-0.9971283612321126
20170622,0.7738658695633527
20170623,2.5958725323477254
20170627,3.2203534062214128
20170628,1.3568501494334826
20170629,-2.3853155999095375
20170630,-2.958546244039513
20170703,-1.0900719363917275
20170704,2.932390962474371
20170705,1.1751377346038294
20170706,0.25990966218835015
20170707,0.0019002426526286698
20170710,0.46563501150138314
20170711,-1.052104857952055
20170712,1.9914158597531684
20170713,-0.9358603260691437
20170714,0.18599188939910688
20170717,0.663997431668667
20170718,-1.5901354694410732
20170719,1.3490542832085963
20170720,1.2820996504724667
20170721,2.0943414226205888
20170724,2.7314637969148365
20170725,0.05854112654264286
20170726,-0.5602690473722134
20170727,0.5188219547500447
20170728,-1.1571790201960044
20170731,3.171513586664275
20170801,-1.5503792516277215
20170802,0.9283697114346838
20170803,0.575521854149
20170804,2.7155935703906438
20170807,-0.09524604845411289
20170808,-2.55077774078796
20170809,0.22987569106695815
20170810,1.3147976880551204
20170811,1.7996623206193638
20170814,-1.1480622146048918
20170816,-0.9130996077172194
20170817,-0.05817206946365999
20170818,0.35302272026182774
20170821,-0.05287238124509319
20170822,0.39907021460871556
20170823,-0.17767562589598018
20170824,0.9576007119394856
20170828,-0.7698093953462324
20170829,-2.6504515250101544
20170830,0.930081332992576
20170831,-0.9836609518879371
20170901,0.6054807525064849
20170904,-0.08398097458362341
20170905,0.2272883943475671
20170906,1.5082421947928075
20170907,1.0685892238584715
20170908,-0.10213355509657836
20170911,0.6909429504918045
20170912,-1.556649761032734
20170913,-3.0028490446937233
20170914,-0.7229856912039586
20170915,-0.6834155049294863
20170918,-0.7734577866939084
20170919,0.07140623952498931
20170920,0.404221667617069
20170921,-0.09027497690242908
20170922,1.724538198344216
20170925,-0.5110662854280962
20170926,1.147744247444106
20170927,-0.43698780970621576
20170928,0.8268634208382494
20170929,0.31609486294935957
20171003,2.548783726777168
20171004,-0.3726136823278715
20171005,0.599259547422077
20171006,0.2510602644413076
20171009,-0.5152047561528713
20171010,-2.198380473762212
20171011,0.7464265402577281
20171012,-0.03158773266207282
20171013,-0.6806087408570421
20171016,-0.02775495831374722
20171017,0.40471725739540726
20171018,0.09888923148602528
20171019,1.270596948610112
20171023,-0.9881369727064702
20171024,0.6089584514599126
20171025,5.05089708992454
20171026,-2.2804763187467594
20171027,0.8779177687944876
20171030,-0.3551152733863523
20171031,0.18276184443611465
20171101,1.2898022677378767
20171102,-1.3836100925107737
20171103,-3.5541446710067275
20171106,1.119892275774658
20171107,0.9386427404594364
20171108,-1.7132461147950506
20171109,3.9045535695205773
20171110,1.8541203191972775
20171113,0.6916202125049795
20171114,0.7501618583110271
20171115,1.1585510387600593
20171116,0.8831506177373563
20171117,-1.3096424427267492
20171120,2.607128070726123
20171121,0.06168250656198199
20171122,-8.080185349326351
20171123,1.8481912617583522
20171124,-3.0761272223441534
20171127,1.7707318229757258
20171128,-0.656367609903276
20171129,0.3879723248539532
20171130,-0.38104199126982957
20171201,2.039364383207115
20171204,2.660300432065542
20171205,1.4593535542587706
20171206,0.3144455907694795
20171207,0.26797079953148695
20171208,0.9394595960608293
20171211,0.9170775424216624
20171212,-0.9204413010775343
20171213,-0.5426552508160957
20171214,0.1988618053412354
20171215,0.29116954470635137
20171218,0.11247717605453052
20171219,0.566220284963248
20171220,1.0482708391723121
20171221,0.9142967125123223
20171222,0.33231171506032253
20171226,0.854080065615338
20171227,-3.3973100956564197
20171228,1.966974889313055
20171229,-0.24424718321143501
